-255.102707 145.094355 1033.822363 255 860 512
-149.877208 198.471979 936.219820 422 813 587
-9.421057 225.655326 1023.757970 598 838 761
33.285531 203.029471 1053.841249 679 813 770
68.767867 56.616577 932.170888 698 653 647
-217.135557 157.487835 959.479538 336 798 580
-120.403482 -33.580488 897.229986 381 552 610
81.515653 112.847147 940.504045 678 763 539
-115.307272 47.139681 938.853280 415 516 866
-99.821579 -77.400324 928.161540 292 534 543
-13.067621 130.213570 970.943694 602 652 877
-142.274850 242.971108 986.367233 426 917 512
-70.879317 -62.314161 921.848729 480 535 549
69.472810 110.486389 1027.485551 749 694 810
-80.023492 207.178591 994.955693 494 777 828
57.782933 -14.183694 979.875915 777 576 724
-37.165272 230.493375 1020.756010 564 852 512
-168.868266 97.083662 935.322482 363 636 772
-68.204115 33.928215 925.168042 514 520 801
-56.502925 67.202430 873.651792 522 664 559
-0.710155 -38.299949 922.141724 695 545 644
100.061775 175.314802 1052.878510 747 892 512
21.908570 44.623670 948.099584 685 553 817
-82.731684 -61.640136 914.950541 423 549 521
-143.298367 163.039516 900.592255 432 780 548
86.352860 24.845674 1020.157320 808 625 757
7.559331 149.976872 978.690069 621 682 846
98.058170 104.039366 970.833801 715 731 625
116.377203 73.820952 1019.251388 780 718 655
30.644742 225.754297 1028.827520 645 850 687
72.570082 127.406829 934.701505 666 775 532
-10.022928 224.333470 965.603018 576 827 649
105.082152 116.398764 1003.915069 735 764 636
76.758437 0.474239 965.381001 764 618 653
101.131358 96.613376 1057.279616 799 722 741
94.205815 189.944150 1064.574106 744 907 512
-180.584547 84.352679 978.035635 313 614 850
117.836825 34.697246 1016.669927 792 719 584
-75.411246 224.749944 985.201564 500 816 750
83.636850 48.817133 992.406605 767 635 742
-98.971984 221.355220 955.501556 476 813 674
-68.944361 235.256450 973.314100 510 836 688
-21.469459 -41.929239 907.490971 650 548 608
108.157124 109.848006 979.766831 723 779 531
-25.785977 168.884144 966.116565 574 708 844
-189.337570 158.613654 922.683907 379 804 516
-45.071627 -53.834377 916.565012 614 524 610
-23.686429 136.958730 894.256801 561 716 636
-225.683098 98.641230 967.800146 292 698 699
118.272236 126.862623 1092.094066 812 879 512
98.527456 160.343117 1080.520801 775 840 645
-224.801573 197.936655 1054.825725 277 923 512
-218.798064 13.175591 945.430510 264 651 608
106.768035 167.260363 1093.751109 789 904 512
106.605211 105.414783 1017.640626 753 743 675
-49.132645 -36.326645 906.099992 579 543 611
-215.952739 10.105288 940.568746 270 648 606
123.501555 86.767245 1041.345748 790 753 628
-42.755708 65.858169 874.402993 546 660 572
55.663305 209.871531 993.274848 657 887 512
-9.571482 29.357938 875.195495 597 645 535
-27.138437 101.330037 876.342229 556 693 587
38.719880 3.278250 1000.620750 803 529 835
-119.095011 68.578107 867.019142 439 680 541
-159.050685 30.826165 889.185895 368 628 608
-67.384957 36.967342 918.925269 518 534 786
23.531706 221.886628 997.900333 624 834 671
71.019887 211.119624 1035.644243 695 921 512
-256.987114 137.833733 1027.073468 257 838 545
-218.145989 197.086332 1009.868777 323 891 512
67.135853 12.526867 941.384468 729 622 641
52.039077 -48.527274 964.046316 788 611 578
-68.134326 66.470568 895.697885 511 594 722
-244.285568 152.672708 1015.782114 275 812 612
-188.234013 105.273888 905.151506 366 716 601
-63.578405 251.834850 978.067303 517 925 512
-152.484473 226.599995 966.805633 417 891 512
66.295134 157.327716 961.952712 664 764 644
-198.195864 127.675081 921.907732 360 736 614
-182.180729 230.742712 1011.976349 368 924 512
-199.341955 93.419467 999.371145 281 647 832
49.418332 64.030645 905.978853 659 681 593
-232.680383 74.637561 1030.753008 210 680 769
-213.741156 205.537689 1020.340215 319 908 512
45.374066 224.873434 1003.230000 649 902 512
-122.670509 27.706573 890.177962 409 579 682
-127.172222 182.470829 906.998124 450 800 546
-16.578009 221.846975 986.742418 577 810 737
55.439709 119.638890 981.040786 696 675 793
-45.200736 45.981531 902.933494 555 573 733
-126.177611 201.201993 929.982954 452 809 594
101.560470 177.278936 1073.146656 766 904 512
-158.219548 -21.950989 907.511277 322 577 614
-106.922705 -5.211181 884.074436 436 589 586
-32.407338 -75.044194 930.425916 696 545 513
80.443252 -8.297423 957.916670 764 650 559
-166.433876 -5.901757 935.835269 294 545 729
16.331001 5.787608 928.181382 682 556 726
-202.505148 186.519835 969.032756 358 823 587
5.217642 67.975544 894.614613 610 641 661
-28.173131 -1.163952 888.991193 589 567 631
77.733793 195.851000 1009.756725 689 883 512
10.718707 170.527175 976.590187 614 725 797
28.305140 101.272439 891.951429 614 731 523
-16.379112 65.106976 950.109066 615 535 884
-83.152552 -64.700482 917.735086 412 540 537
-223.961019 143.825778 1020.090980 273 759 736
-217.141880 15.841384 996.181507 206 609 756
20.202397 -34.735073 950.061020 746 540 696
62.466658 78.976533 967.545485 705 641 764
-238.395608 20.744762 969.018590 244 678 596
-96.218233 34.190156 896.745082 454 563 715
-272.933051 73.137733 1045.740691 198 801 524
-80.825051 236.507784 1003.702582 496 842 745
-185.760753 203.490425 971.373442 373 837 600
44.496293 -3.710059 965.635421 755 549 752
80.544007 181.292933 997.744443 690 873 512
-170.622074 -50.806973 951.579718 221 566 635
-136.640212 209.862189 966.579499 428 797 705
-220.009239 11.810183 960.331535 245 623 672
-152.800453 147.971590 942.037644 401 697 759
91.570570 187.516374 1065.790361 744 915 512
-76.956661 224.075717 936.623558 501 844 569
28.238243 131.104775 898.387108 611 756 526
-102.943618 211.531164 929.120815 472 822 589
-162.281753 48.487625 879.320545 379 676 535
-106.326038 132.606840 942.606271 454 648 849
-131.618534 199.831365 973.570846 430 772 763
-201.579305 -17.361937 976.108504 214 585 705
-52.791990 169.321094 956.073700 529 699 836
-177.752882 -51.477688 947.331892 234 580 599
18.185390 15.048303 930.999299 680 547 749
9.398152 234.731133 986.252283 596 909 512
-222.843547 108.796363 946.007983 319 732 622
55.981008 210.223454 989.885492 654 882 512
68.402104 -4.929323 1010.632259 812 589 759
68.333032 48.050692 982.699960 744 619 770
105.993038 62.531456 984.521090 748 696 632
-18.615593 93.345982 881.573733 566 666 628
-228.689576 191.941579 1046.372184 275 914 512
70.456740 -24.865740 960.997307 774 651 517
-169.415137 183.107477 944.425077 394 778 655
-205.387756 211.860579 1014.594682 332 909 512
54.693692 118.492470 921.082142 646 747 572
-232.606282 139.304260 987.947998 296 767 661
94.537600 175.305997 1013.812278 706 870 512
117.848484 131.122115 1072.536593 795 850 564
-26.336146 58.785674 919.025346 588 567 795
-133.576375 94.395867 870.898239 432 708 543
-84.938958 209.769518 996.138811 482 784 814
-144.636946 244.459065 994.881167 417 922 512
-67.083140 -38.783067 900.432863 530 582 518
-44.020120 44.335692 875.777463 551 644 573
30.394357 45.194460 890.575612 637 675 522
-130.780523 -60.303722 930.842470 268 524 633
-46.869239 83.853614 911.625570 537 594 778
-174.792425 -41.057787 926.215435 270 601 563
-61.240873 -27.137403 894.572061 520 576 546
9.331901 160.313796 964.080984 611 703 798
-38.414993 226.816547 950.029688 541 876 512
-164.971233 116.868162 930.823491 380 661 758
-87.095949 81.928186 909.998427 485 591 790
-167.819686 12.155113 936.008931 315 551 756
-44.190195 96.673533 883.298799 536 653 655
50.135830 45.447471 991.728402 752 575 840
105.845276 0.413261 999.993009 797 690 543
45.862649 -30.867455 969.369158 780 563 699
-129.683908 191.389367 941.529851 441 762 710
-46.939434 120.788488 905.052697 538 650 736
87.051999 36.721028 987.468375 767 636 710
17.519109 -42.355248 938.772129 736 539 655
-137.616671 64.865554 878.495718 412 646 624
-158.889772 166.033853 950.070992 399 730 735
-155.450347 -0.083910 925.123871 318 544 728
-32.660142 29.328745 880.241587 567 609 606
-46.406185 187.563492 915.481648 537 763 654
-43.935723 18.004951 891.212604 548 573 655
41.520663 3.046362 910.546756 689 636 556
95.873011 18.908939 967.437471 754 700 518
109.560548 26.709370 995.005958 776 691 598
-96.820262 201.060841 930.549818 478 777 680
-158.389291 -49.274650 922.172193 277 569 591
-242.833608 137.557490 981.853450 292 795 578
-33.591836 247.240057 979.379196 550 919 512
-240.186331 16.573136 992.741027 213 659 663
-58.437396 226.709768 943.013674 521 872 512
61.339901 49.334877 1009.797414 782 597 837
84.142391 -3.296139 959.970410 761 670 525
62.445686 218.517472 1023.979044 676 911 512
-212.375887 41.985469 952.362852 278 635 703
106.327861 163.356810 1088.257591 794 903 512
114.930219 146.972191 1087.031917 793 888 512
-75.005462 104.188510 874.248783 508 726 516
52.043144 148.444086 996.810365 682 714 788
-34.091751 183.509098 1001.323441 569 748 873
-130.801940 -68.566172 943.737995 228 521 633
90.906802 155.688333 1104.988857 803 832 687
-47.570036 211.781847 987.820758 539 795 796
-144.496582 75.639587 962.946722 351 572 882
93.946966 70.268579 961.656603 722 688 638
-98.753584 94.203397 894.852280 467 634 705
-207.746290 192.369527 980.349309 349 846 564
66.312679 4.501495 983.769183 776 598 732
-249.590774 78.762718 1025.425689 221 718 701
47.643729 83.834614 919.806290 656 664 672
80.017491 88.435000 1009.710475 753 664 787
11.437882 140.015919 983.258323 638 671 863
-207.023656 134.261202 995.050274 306 713 770
102.500835 150.685830 1017.918029 729 793 632
-167.077416 132.385566 924.358904 385 697 705
-15.740820 200.713356 925.021227 563 814 569
-21.366411 210.024736 1017.382517 590 794 830
102.606977 22.189345 991.488019 775 674 621
57.221992 216.778779 1025.079498 676 930 512
-73.642252 32.228405 912.030062 496 531 767
-13.119669 82.570020 929.185908 598 579 826
34.014547 27.567836 945.793453 701 559 773
-52.501795 168.129798 944.287012 530 699 810
-168.501103 71.019201 888.330976 382 670 604
78.005682 32.671242 1021.940550 808 629 784
-203.245813 32.169056 983.098466 241 595 792
-231.906054 65.023607 937.954961 298 725 545
-103.110089 213.335951 943.020931 474 799 674
49.645930 2.986981 916.002119 696 649 525
71.281279 86.096324 1007.286090 743 647 807
-122.332216 50.104837 933.704151 398 534 839
-5.489266 65.302788 906.686983 602 586 756
-74.428374 -93.012978 950.732307 625 842 878
20.401244 171.287936 968.333604 624 731 763
-160.629653 117.672538 889.619179 405 716 600
66.861824 185.249473 984.399587 664 829 597
-127.935091 205.216580 972.891787 432 781 751
-166.284371 199.081045 996.635253 379 792 736
-104.065382 227.662126 943.389536 470 878 512
29.763444 -73.194905 966.786395 818 596 526
-12.470628 193.379675 978.586202 585 761 794
60.705804 46.741184 1028.005495 808 597 854
-258.447636 143.134653 1038.419711 251 848 538
-180.647904 178.565714 983.882881 360 765 744
-122.183596 28.102070 890.043599 415 576 689
-133.637141 84.205292 873.978045 425 679 586
3.949217 64.937121 896.126359 608 614 689
22.541966 110.124064 892.988210 610 719 581
-141.814726 -27.759511 897.127809 341 601 543
-228.620249 179.193727 998.143399 312 867 512
-4.079412 221.493949 945.527883 581 871 512
59.020799 110.410168 1004.950196 726 664 828
22.141726 -47.861612 941.366388 753 554 622
85.932292 65.434696 950.684593 715 677 634
-168.418445 35.524535 938.719036 326 562 783
-164.323144 -14.524950 922.160692 317 560 678
-179.475945 167.565468 947.977281 377 755 683
51.857929 136.459214 1022.200167 706 701 835
-56.940828 132.362215 879.855303 522 746 521
-191.855845 38.092567 943.993181 302 595 748
-139.353924 153.266187 892.453325 432 764 559
-224.867847 192.128786 1017.872730 309 893 512
-192.057885 209.770836 980.951505 363 887 512
-141.993185 149.986858 950.215719 416 694 786
-256.604869 148.575174 1047.828453 246 872 512
118.681352 94.084970 996.570535 746 772 541
-23.592328 227.960776 971.916290 560 835 670
116.417701 140.381354 1078.261882 788 881 512
-63.544697 121.097968 919.876128 515 633 798
-207.165458 51.867265 1002.048823 227 619 821
-142.588971 95.881453 942.248044 382 609 836
83.105410 195.811044 1055.617032 728 927 512
-137.487559 176.198836 978.225302 413 734 814
13.849917 218.166277 955.454845 600 868 512
-122.994412 142.802505 934.265143 438 673 789
15.451410 152.120271 919.305332 603 728 670
-11.536441 191.541992 917.513341 564 813 540
99.184095 7.821717 994.932485 789 655 630
31.160659 116.774801 934.069558 636 678 726
-209.678007 122.179332 990.724033 299 704 766
100.154905 79.133738 984.092169 731 707 660
-219.259567 203.217001 1036.928310 302 915 512
-177.155624 120.623174 1006.923872 311 665 866
-85.167034 -54.637060 908.999266 428 547 547
-234.559329 166.519014 1003.212163 298 829 587
-28.873491 97.980532 919.364877 572 615 794
-166.503870 229.971135 986.551738 392 906 512
-16.023931 67.155939 892.601049 579 608 706
-175.284232 -9.607523 925.067050 295 574 668
-223.998031 153.273102 990.342417 309 775 666
56.876130 31.116843 1010.388380 787 591 827
-183.439710 120.037101 1012.248980 296 672 861
-232.808016 189.930157 1071.398809 256 924 512
55.056755 115.074863 1001.949207 706 679 819
-221.421203 87.960760 930.397436 323 716 592
112.216111 48.813560 987.506475 763 712 579
-259.489838 137.818357 1059.914465 218 872 512
-194.386889 115.185328 925.963957 354 705 664
-226.592950 37.179709 971.513832 246 641 703
52.712276 137.206105 1030.654463 722 705 842
-243.337672 171.675266 1041.587046 267 891 512
109.836136 151.035368 1096.654114 802 900 512
-85.057063 14.741084 910.713965 469 549 697
-174.795842 123.537880 934.965689 371 677 742
-39.244702 78.050048 938.498396 562 550 881
-167.755194 180.747390 976.549950 377 758 747
-251.539337 148.837424 1041.261323 252 826 603
55.553060 2.134800 925.885405 714 652 551
96.627507 183.363762 1068.593718 753 918 512
41.203618 109.178267 906.619125 633 715 603
72.745236 96.686406 949.645671 688 679 688
-1.874180 193.071336 927.105074 578 795 608
-184.719277 6.166267 912.559034 317 606 632
78.239142 8.348888 1001.995852 796 617 729
-35.243754 70.897429 920.684749 568 569 808
-115.132530 134.348971 883.352761 466 722 611
-16.040821 229.011072 958.416215 573 890 512
-220.596813 200.748567 1035.829194 294 915 512
-192.755949 126.663641 914.038533 370 740 596
93.552435 78.960004 1050.001706 800 697 764
-173.422825 217.642563 973.564341 388 887 512
-80.932703 69.142437 874.543989 492 649 599
20.668179 234.900088 991.704077 614 906 512
82.921923 74.751645 952.428835 714 672 668
-142.669778 -66.764578 932.347085 248 556 578
28.287126 55.591218 913.871086 653 608 710
-152.384252 175.191407 979.847210 393 736 795
39.102358 -43.865965 953.171136 767 573 630
-125.452918 185.326560 997.904753 421 747 852
91.080097 150.379911 1083.936194 784 804 715
-144.272695 -46.487100 911.685963 327 594 521
-134.851985 148.203691 936.192779 422 686 781
-27.150517 158.320529 897.821147 553 733 633
-220.828176 12.397922 934.809913 277 669 548
-0.102619 92.836011 934.269204 617 602 819
-148.641549 -33.670745 907.982526 314 575 596
-209.908702 24.973721 992.029150 220 599 782
99.327773 139.322747 984.545346 705 816 535
81.607406 186.210013 1011.217669 696 880 512
-179.898909 154.673469 956.662670 365 726 733
-99.136051 73.058216 907.161648 457 579 783
29.466364 40.603899 989.086346 746 543 878
17.367875 145.846135 989.458301 644 684 857
-23.228383 222.866256 983.270952 567 817 721
-2.178925 43.666003 922.470873 629 566 774
34.396030 -10.784382 959.333794 749 550 744
-246.952501 167.660282 1053.279988 249 892 512
-6.565682 141.588038 889.532656 574 746 562
62.361762 189.276853 1089.453927 752 840 728
-148.515199 104.717970 908.225520 400 651 725
14.806875 -56.188817 964.506002 786 529 685
-136.040805 157.318698 926.425564 429 712 724
-116.891006 29.338391 868.482873 435 636 559
86.701881 194.370866 1062.433236 736 924 512
78.871914 186.885891 992.639399 683 863 512
104.617575 168.769645 1095.741678 785 912 512
-103.983151 85.859090 879.025639 469 672 588
-206.289983 156.947184 943.561276 354 790 579
-242.806336 58.856416 1035.584349 196 679 739
51.469251 -31.521262 944.636054 753 623 565
-29.187860 160.682903 918.085485 551 711 721
113.447664 143.686323 1028.514068 742 827 565
-238.946643 155.287424 1024.494048 271 801 658
-156.801638 6.711352 916.534148 345 557 710
-221.443949 69.698363 1000.830597 242 655 778
16.190103 -60.045564 959.545799 755 556 614
-131.606622 81.501402 917.543682 413 597 789
-36.529687 239.675973 967.630196 546 903 512
100.944021 135.429936 1068.323025 787 775 709
45.620573 4.876048 922.295731 705 616 628
-111.176818 245.930034 972.406946 461 911 512
-98.186933 46.581003 923.864644 453 527 828
86.046657 194.499630 1036.304157 715 897 512
-84.844371 127.919172 938.056021 481 636 851
-2.900473 -53.285666 923.828130 707 549 604
83.951432 186.086192 1012.804171 695 878 512
-70.965698 128.278844 910.613799 509 662 747
-98.391265 99.029018 879.487967 480 713 535
-51.740481 249.859665 979.065406 528 927 512
108.225058 73.978781 977.591891 737 725 580
-161.297073 -45.276212 920.204691 280 591 562
66.112706 90.249669 955.022398 693 657 724
-70.991782 120.151431 876.302038 506 718 563
-142.495138 -74.316529 946.832129 216 548 589
-99.754139 120.365883 906.450266 466 647 760
-24.522793 196.669892 942.444838 560 764 709
-118.220043 219.116730 957.358241 458 818 658
42.006374 24.484819 1000.690389 779 556 854
51.202850 93.341194 905.637602 648 713 565
-146.136756 68.757105 960.969925 346 563 875
-45.684719 115.037652 878.891093 535 697 597
-239.638818 57.739819 982.825907 256 677 684
29.659221 154.544454 914.048665 615 752 608
-118.326837 130.246514 882.597514 453 716 608
-183.490270 62.943671 952.176934 312 607 784
-153.543684 -53.303566 920.280915 273 591 538
-50.413825 -27.977057 901.932958 548 546 609
-140.792164 117.920904 909.874817 414 663 724
-139.849595 86.278192 941.822852 387 590 845
30.906669 18.207971 901.596678 665 619 605
-260.733139 132.337356 1052.955637 224 865 512
66.371586 150.582143 986.373796 683 751 712
-83.247083 186.730617 913.528803 490 766 640
-235.239213 58.920166 983.413657 250 672 702
67.777424 120.936967 982.046624 701 707 743
-95.651427 99.881679 876.832250 483 702 562
-224.512322 20.276098 946.472237 266 654 614
-162.758623 -6.310459 964.766813 252 522 790
81.907322 114.515799 1002.080557 724 714 741
-150.410957 241.901108 996.498839 409 925 512
-31.034062 71.925883 870.453133 554 682 531
-163.567221 85.992995 921.883448 370 626 755
91.548632 141.892727 985.593993 701 779 618
-153.601608 -62.020760 928.041566 259 575 555
18.272180 -73.126703 964.218518 805 555 610
-161.718704 187.775706 964.911793 398 768 719
-153.101486 134.512890 926.035502 399 687 730
-217.417994 -36.167145 972.849820 209 637 562
42.131902 -30.909787 949.644144 756 567 653
-152.448925 11.220739 887.377032 363 614 595
103.988024 82.829622 966.241615 723 734 571
-46.394658 209.298900 1001.987675 542 795 822
69.368023 108.779574 1086.464662 811 717 829
-233.135699 26.173527 960.740426 257 671 609
-152.894094 185.714748 1008.526605 382 757 813
126.007832 51.317413 1030.320974 802 742 577
-202.381764 218.373669 1027.637557 327 922 512
-160.640379 234.239386 990.419729 402 908 512
-147.096056 81.644501 911.889703 395 615 753
-171.897319 -35.577366 975.512889 206 536 735
-214.987807 191.149280 988.201435 335 873 512
-20.913317 116.881394 909.798033 566 647 754
25.798597 234.706292 995.164048 624 911 512
-68.779218 98.108517 920.284105 514 607 806
-182.622082 118.086498 1004.777218 304 664 859
-193.177884 188.959041 991.993376 346 800 690
-170.545624 154.974443 925.464737 391 742 659
-153.384252 99.230183 969.839508 355 611 874
39.936246 89.563271 909.695175 640 673 650
-107.014088 38.232429 895.314985 444 569 719
2.569742 69.886246 892.301487 599 627 671
111.745239 149.090155 1092.927011 800 896 512
-70.245492 41.414006 920.030620 505 532 789
-32.417862 237.844270 965.851861 552 900 512
-202.301866 82.932929 905.929635 346 714 560
26.564648 9.911059 985.527403 769 515 848
54.573123 201.137354 974.658016 643 870 512
-229.286864 70.847422 1002.563557 233 668 756
-262.935133 48.793001 1025.664857 198 724 623
27.903261 28.056252 892.748930 650 654 559
124.290968 57.953251 1040.642154 811 734 624
46.806160 -2.687489 944.642848 736 573 694
-57.912784 224.256725 937.095778 523 863 512
-110.001062 -26.616275 894.190424 398 562 599
-194.988876 125.467995 966.236199 333 692 765
-60.664787 42.834362 874.352272 521 659 518
82.967598 202.455097 1050.325740 714 921 512
-78.843814 79.292733 913.347423 495 587 785
3.464508 86.064612 893.486860 598 647 673
-30.283769 191.773232 996.924504 566 761 847
-100.484271 67.211888 929.520735 446 547 850
-168.405080 133.442707 903.648079 398 724 628
-176.393679 167.720957 1009.867587 348 742 804
-5.485671 -85.248743 958.018923 805 553 560
-203.293305 40.897188 979.822410 250 606 785
-33.025450 -35.221931 900.509290 597 552 590
-126.273510 220.405509 944.388538 451 872 512
-209.116759 201.177442 995.497086 341 885 512
-258.245542 104.093230 1034.423243 223 779 634
40.984881 140.936470 939.956568 636 722 694
94.608275 160.260745 1033.870470 737 797 672
75.339666 148.144036 947.852598 665 789 550
99.192691 170.250964 1016.899757 718 862 512
-42.836537 155.195321 895.589217 539 746 594
-43.788122 53.277038 918.088186 551 544 799
-26.331914 -59.851554 917.857437 662 545 572
-167.861760 57.321596 923.166995 346 600 751
-148.647408 136.499685 897.800712 420 720 628
-31.902426 215.793629 937.086428 549 829 591
-52.880300 63.401886 907.087784 529 574 761
-70.810609 150.769684 919.844952 509 686 758
-170.813731 -28.687614 965.434766 228 526 747
33.755574 27.557427 1002.032609 773 547 874
33.976969 -50.870245 954.861537 766 574 622
-133.994755 71.643719 874.545484 433 668 588
33.529630 189.700490 1020.903229 654 776 779
-57.283127 -91.100462 944.901294 735 514 544
-133.022130 191.904667 943.846367 436 765 697
7.963064 201.276340 1010.425855 621 777 799
-29.419465 236.293082 958.162254 552 889 512
-155.010164 161.703271 946.724533 402 721 740
16.239789 172.906814 978.330876 623 744 776
-114.823843 238.050465 961.756083 463 894 512
78.378722 205.898678 1038.751910 711 909 512
-150.462758 23.276802 946.145403 320 526 818
-164.154547 121.882349 901.037145 397 707 637
-75.272484 68.049625 920.843032 499 558 818
-105.726502 115.927739 942.546272 456 622 850
-22.778031 56.427293 922.162031 587 551 810
-14.078787 53.119269 913.883185 603 563 775
-145.023251 158.618118 959.774352 403 705 801
72.145546 205.005474 1011.766499 682 892 512
-48.272839 -57.778588 917.729786 606 527 592
-21.676328 126.150422 937.502028 576 649 809
105.103986 170.825157 1064.470342 762 891 512
-204.109539 111.690232 979.039694 303 683 778
41.310777 67.128236 971.030820 705 605 823
-61.172016 139.211987 906.251195 521 688 708
25.352296 207.602806 964.335468 613 840 595
72.904933 0.298772 1013.195845 813 602 752
-122.389937 161.012175 899.985194 456 746 631
97.634786 36.579040 1004.043919 781 667 691
-127.158388 98.061457 901.049499 430 634 732
-65.822280 236.396970 952.312071 515 884 512
104.986810 167.215770 1090.775813 792 906 512
42.154416 -32.013216 975.805946 794 547 716
33.085831 59.837842 973.570369 709 569 853
-209.261440 60.514979 986.774925 261 623 796
96.382871 175.020628 1015.225564 714 865 512
27.318616 -37.544351 931.073925 729 589 593
27.907086 98.368370 899.105136 621 689 628
-126.797383 198.080799 928.788276 449 788 641
36.595041 149.338656 1000.241872 673 702 830
-52.861681 87.842531 881.267098 533 656 644
-82.311357 14.867335 885.265648 482 621 551
-169.023389 -57.692920 945.141231 233 588 566
-90.755830 22.728556 912.846072 458 520 771
98.419458 142.743696 1037.179495 744 777 688
40.569065 -16.188429 945.447673 736 560 688
-4.922985 -37.316375 926.023198 687 523 673
-233.421565 16.472906 959.867197 253 662 602
-60.950466 196.089240 929.790264 517 764 698
-75.954943 218.384755 932.334758 503 858 512
-152.977409 -74.604741 954.329196 201 565 577
-144.269756 46.471498 879.954435 394 635 615
121.734500 101.874748 1069.535981 810 777 644
-1.740457 106.539664 947.525018 615 614 842
-147.811783 -39.464782 907.603343 316 603 524
-129.896475 188.091454 967.607955 429 752 778
78.217193 142.674848 952.850443 674 794 548
68.565076 168.765199 957.081680 662 804 570
6.945659 39.719132 966.150722 689 514 879
118.953812 103.633825 1034.261468 777 764 635
-124.208493 -67.620900 922.672648 276 557 545
47.521479 -44.191878 949.325341 771 618 534
-9.713583 -68.121586 935.921975 741 529 594
-10.228900 -21.100380 899.466690 634 560 615
81.229416 124.965602 990.750962 710 726 713
-122.802494 58.050928 908.529087 416 573 769
4.510279 14.621939 883.784024 627 648 513
17.935198 235.922067 988.562856 611 904 512
40.068818 47.064980 930.154021 678 596 728
-32.073320 81.806525 879.598669 560 658 629
53.902942 56.983404 953.777433 701 617 752
-92.375589 161.712626 890.269690 487 766 556
-99.126829 -12.484931 891.669553 430 556 631
105.325579 166.044060 1079.983714 786 901 512
115.079302 92.878917 1004.252031 751 767 582
-193.576061 69.744479 980.578416 279 613 829
-142.347942 109.519920 920.655278 407 641 770
49.919757 207.223461 1050.110291 687 842 706
58.700908 215.456536 1006.570169 667 897 512
44.224769 219.288639 994.742989 641 898 512
-93.270013 -87.669839 934.161541 223 528 533
12.134936 164.117310 927.017819 594 733 678
-89.025205 143.756326 884.743652 491 762 527
-183.848918 228.741280 1011.891733 362 919 512
84.157446 193.980216 1046.247045 719 910 512
5.359775 129.891899 926.393835 602 664 758
-194.815942 36.485863 1001.938020 213 590 838
117.689781 143.226541 1068.469714 787 875 512
20.907575 152.141413 909.743104 604 786 526
2.341379 -2.015466 900.386892 646 580 641
-62.651690 144.083290 897.502907 513 703 667
-132.152685 2.176332 919.525848 372 517 755
16.038069 101.352766 919.099128 614 641 745
-196.780259 52.693283 970.593082 276 602 800
44.343895 205.592235 969.501150 632 872 512
-140.313204 181.824905 910.275341 439 816 523
-105.359770 -71.911980 922.438716 353 537 546
-76.227736 -0.921359 889.542616 489 591 578
114.495720 147.526058 1076.554089 785 885 512
-115.265061 -65.627942 922.893130 297 532 591
18.482912 -39.157890 919.893096 711 581 566
-172.432931 -30.249370 918.314563 289 601 571
3.855810 241.168377 989.470753 597 929 512
26.857509 80.671653 888.886435 622 682 581
-226.424815 70.571662 1013.597183 228 660 778
21.055767 10.471590 891.488105 646 638 537
23.046581 79.677437 884.951085 618 691 553
-168.052126 -24.040540 917.484174 313 579 619
-189.027065 36.004354 963.662293 272 585 789
-8.502545 91.543641 947.213318 611 583 863
106.685243 160.983607 1024.549465 731 857 512
-253.288094 98.225104 982.782717 274 769 565
50.906298 193.244129 1022.489062 669 799 727
-242.449094 141.258236 999.641993 285 793 621
88.625026 191.851717 1039.130284 721 896 512
-76.066940 52.631005 904.392911 503 573 746
-68.094060 230.817189 945.872172 513 877 512
-229.863415 184.669141 1013.533347 303 883 512
4.158422 105.771309 886.151497 592 715 570
116.854892 25.111152 1024.895245 810 696 618
-248.573280 68.637246 1014.659058 217 697 702
94.374889 173.760801 1011.531649 714 865 512
7.070451 116.912716 952.925874 624 646 828
-35.073101 81.260216 869.458030 550 688 539
-73.657238 -77.955973 933.561871 501 519 542
99.213526 179.337118 1059.000750 751 897 512
-25.561348 201.767575 925.831772 553 813 582
112.859415 141.284824 1038.828404 757 808 609
-159.942606 59.507682 956.329541 329 569 846
57.961010 24.371656 988.657004 768 583 796
-39.802295 227.085395 980.428079 545 828 714
63.605833 137.866913 959.514964 668 726 698
34.284428 -21.751023 949.644773 742 561 695
57.182977 -36.878145 959.605843 776 606 583
87.272748 168.721169 1127.069976 805 833 697
-63.955974 226.348744 939.506788 517 866 512
33.983887 -0.603731 904.055816 683 625 567
-202.539996 132.246871 980.493053 322 708 753
-80.150824 -43.846749 907.651441 461 542 581
-41.005123 250.313556 979.523388 546 924 512
-171.412735 67.347254 956.255567 332 590 823
-14.851180 -85.382118 954.535635 818 529 572
50.028157 -19.728350 938.342243 731 601 611
-5.400941 228.172083 983.953384 587 834 672
-0.151824 -68.669700 944.944744 767 534 599
-2.428384 173.554658 1009.109897 623 728 876
101.612829 23.071251 1021.005047 804 665 689
95.680831 157.292955 1042.702796 741 800 677
-51.847104 23.262620 880.017216 540 624 565
-159.938385 211.390209 949.666827 409 867 512
-234.196629 72.869052 959.028581 283 692 648
128.803465 79.931045 1062.220308 807 790 578
21.148162 216.121636 986.206795 618 819 672
-25.872956 225.219633 948.412960 556 877 512
45.425974 44.184806 1018.416906 791 570 878
65.685496 193.306874 980.704004 665 847 544
-58.246600 78.718454 931.350578 525 560 845
-238.912822 152.726087 1002.806330 295 798 624
-130.686243 127.613787 894.843608 437 691 666
-226.099990 91.891362 1010.284535 247 685 765
-86.676110 103.249813 891.289404 482 643 707
97.976137 170.602846 1017.388682 720 864 512
62.995393 216.017082 1016.906339 674 903 512
100.489605 173.412965 1083.862763 775 913 512
64.202664 77.676580 932.797845 680 660 672
63.256398 30.880893 926.370927 704 639 620
46.158753 -9.452218 970.473789 768 549 744
-175.668359 73.151004 990.942178 291 596 877
91.939062 187.226877 1029.426036 717 885 512
75.050806 96.839369 1042.843019 782 691 813
-199.987952 82.759814 922.411012 334 678 651
-120.948944 54.822004 900.856266 422 580 740
128.844074 72.724677 1036.953531 795 767 570
-77.989603 116.214323 943.042752 492 610 880
-216.845389 172.576969 970.203076 336 819 569
-103.934488 -81.152127 930.130906 240 520 576
-241.701930 14.908073 973.096268 235 676 588
-50.918841 215.567976 982.998417 532 796 777
-185.941937 -12.418886 914.079538 309 625 561
-35.508238 55.017356 900.126480 558 576 735
-256.439908 114.254174 992.974701 269 796 546
-124.109347 215.142830 989.335401 436 800 760
-21.554781 225.553791 950.037066 563 880 512
-31.108478 154.918154 910.501420 551 703 711
56.541432 -24.568388 989.599347 801 571 720
-105.204845 110.702956 922.612025 453 619 816
114.673459 100.120166 1067.190324 808 755 687
-48.136556 145.030702 951.373029 543 668 860
-66.463025 -81.432002 935.591170 584 514 552
-53.833661 184.680057 932.387727 527 737 737
-222.022928 60.985823 986.336726 257 643 760
39.535830 193.739276 992.163534 643 794 706
9.768246 56.085650 959.154086 670 556 861
-61.179465 225.937133 975.382306 515 815 726
-186.554026 135.938390 908.325026 383 778 519
36.625996 42.197768 925.914921 677 593 722
76.758707 138.462549 963.167174 678 755 641
-6.459287 69.655075 892.450266 593 628 679
-29.030082 149.636347 931.503906 556 678 788
-145.242470 24.981176 935.911234 348 524 811
50.304854 119.324260 1008.525542 711 682 832
111.040657 153.012452 1095.385460 805 898 512
39.862030 15.715217 906.946140 676 626 588
-202.866922 51.804320 1016.991406 209 612 845
-265.331896 62.266913 1037.447347 201 754 610
-161.544172 55.001086 887.463350 378 642 629
86.766476 174.735408 1025.989668 716 808 658
-99.590087 36.514886 891.093852 451 575 698
-90.458644 4.594883 899.174810 448 527 715
40.909837 81.042192 896.199636 637 714 540
-55.637350 -76.172231 930.318207 585 526 520
-74.160025 197.361129 956.621402 506 754 785
-237.386048 180.197634 1040.353675 273 898 512
-260.407682 99.874292 1009.537596 248 780 584
33.154027 64.064534 906.672226 649 649 654
20.937767 -65.813985 949.768927 780 581 535
118.633912 108.735904 1069.016308 807 779 653
-53.583450 -86.235135 936.324705 689 516 541
-48.055876 154.689415 892.702776 527 746 585
12.484008 157.900627 921.169416 601 740 671
46.855809 50.391020 965.012734 715 599 797
64.117565 164.046599 990.456097 679 771 697
-249.129523 134.618367 1001.872329 275 802 584
33.935701 232.785872 1004.848219 635 922 512
-172.500568 -1.729591 900.075475 327 644 528
-215.492303 197.930776 1008.647192 319 892 512
12.145625 98.430544 905.469664 609 651 708
115.223692 144.001658 1100.971519 813 889 512
15.113089 114.690085 960.230427 636 632 843
-200.615059 75.253311 942.820787 323 643 729
-166.095944 234.328797 994.497039 396 912 512
-118.958990 196.021821 916.426851 455 816 549
33.953788 -51.885172 948.842052 768 575 592
35.738156 -25.190743 927.015392 717 615 563
-52.877688 -4.983875 884.389505 534 609 524
56.837209 107.590490 977.870352 699 659 794
-193.093913 176.685081 971.505450 358 776 683
-131.034973 235.685558 1015.313790 424 849 718
-9.850835 2.334738 886.273526 611 592 595
-14.815624 -85.895331 950.920690 791 550 538
-79.353040 36.317407 876.541154 498 655 525
19.112026 182.558453 1014.318614 636 745 814
-177.882451 -9.488427 917.438660 299 604 612
-158.035522 -53.290476 945.830392 246 536 657
-99.038464 -83.077800 932.776203 253 532 540
-17.533986 238.547694 964.770625 567 897 512
-28.863043 218.684921 1008.773719 571 818 790
64.211669 86.560943 1042.944386 785 649 857
-122.212718 47.648703 946.558136 394 515 879
-49.478716 -71.487681 924.684223 605 528 535
62.232681 23.381233 954.765424 731 613 707
62.529192 157.098758 1039.436751 724 763 782
-72.122004 156.064947 952.633233 502 682 862
31.258361 64.370669 892.184750 634 707 514
-59.800529 220.220066 935.896257 516 859 512
-210.036719 212.489880 1036.251352 310 926 512
105.211348 161.154679 1019.623732 728 856 512
-95.171212 84.821728 906.415266 465 596 779
-225.280728 121.722079 961.884007 309 741 643
-192.527866 43.664763 995.613270 236 590 839
-138.796643 0.727286 920.725922 357 525 744
-150.565790 -76.403664 957.355965 195 547 604
-89.680813 74.757476 925.255597 473 560 847
-17.350894 63.373306 895.338487 587 598 714
-59.548430 128.420609 926.172196 525 637 827
-24.751483 149.695415 909.108070 563 695 720
-122.475625 213.748258 933.667161 458 860 512
-94.495495 46.353747 923.899613 452 526 823
50.745110 220.975039 1018.690978 666 930 512
-124.493240 163.434042 916.912145 444 720 711
-229.300043 146.034585 967.577593 315 798 568
97.793304 177.225142 1054.046793 744 899 512
58.455105 151.675595 964.577449 663 738 699
-13.222626 223.109439 946.289597 570 868 512
-218.153567 37.651336 1015.237556 197 622 794
-186.433220 217.795909 987.747614 368 897 512
-200.156355 195.538739 987.698968 348 828 630
70.905239 205.213435 1010.536741 680 889 512
-209.309546 78.201578 966.396497 294 647 757
52.374729 179.362955 975.053178 651 773 687
-73.302056 207.519636 987.397048 505 778 811
-86.874249 -12.770636 907.459166 460 525 686
71.191629 185.865386 1111.913316 770 842 724
28.403139 156.818729 999.756450 653 715 824
45.677754 33.948516 1025.764699 808 575 874
-107.664913 239.076869 964.307880 470 900 512
-235.854425 179.528990 1035.539130 276 894 512
96.515514 173.258074 1048.788662 741 830 639
-26.995871 185.736810 976.133894 565 743 823
-85.226732 62.460468 877.378772 483 645 596
43.000741 180.968023 1033.615730 686 776 787
-235.824421 -3.022439 970.909433 230 684 533
18.013019 177.283008 971.223194 615 737 760
-32.300664 70.750472 871.077566 552 677 537
-136.967357 241.957077 984.293800 430 911 512
21.115163 207.732326 953.879831 606 867 512
-36.746004 1.836584 885.223982 563 579 609
-226.678143 132.472021 1009.270863 271 748 725
-147.048288 71.580484 881.029690 401 652 631
50.255742 112.467414 908.961046 637 729 574
-164.368115 14.628536 917.192405 327 574 705
51.422772 198.296758 1064.414066 714 834 735
14.118451 227.300887 968.643847 602 886 512
-140.371669 217.391578 944.246244 437 872 512
62.989735 -19.806257 1003.613366 815 579 740
-76.757493 -42.543322 910.952706 502 538 602
-155.173069 41.055378 941.507238 338 549 818
-90.547377 127.790645 901.197919 481 662 728
-101.591636 -73.146164 924.128137 365 528 561
-151.425875 209.095311 941.413180 424 861 512
-175.177854 96.646381 902.413814 379 677 648
-115.983347 168.263578 945.793623 446 710 796
-121.814555 183.286173 937.633631 445 746 730
-51.517155 189.632908 906.465101 528 813 512
-47.439959 73.662075 888.255023 544 624 686
-71.770400 124.954798 876.537039 506 734 533
13.670614 -61.179417 955.788073 774 538 648
69.713674 154.835782 971.769907 673 766 664
-200.934817 -19.074099 966.986966 225 595 675
9.028243 -68.515728 966.923539 808 531 661
-3.781138 162.404737 931.325447 585 712 735
49.784770 75.123928 944.240740 684 622 755
101.243274 175.612380 1082.600758 770 913 512
19.005153 223.069362 974.187331 607 894 512
-181.294689 56.489559 894.395266 359 657 611
0.642864 216.830642 1044.106723 624 827 793
33.551935 20.810571 985.587302 761 530 849
-154.565571 207.221437 963.528666 410 806 662
110.877214 149.739682 1045.409249 759 819 614
-33.523375 0.006621 910.381676 591 515 728
-117.777036 -11.066521 896.106731 390 550 659
72.367391 188.164445 991.583569 673 873 512
-173.098078 103.513627 896.920686 381 702 608
-243.729728 169.076394 1025.802652 281 876 512
-219.473225 186.975457 990.684734 324 870 512
-254.010501 55.552289 981.488457 254 752 521
-153.715338 -32.598211 931.595487 276 540 680
106.408546 61.662189 1021.848749 790 690 699
-185.700209 182.571920 999.593629 345 775 744
53.023229 200.494335 972.548400 645 864 512
-98.793045 128.236623 879.947796 475 705 618
25.355172 204.604886 973.054864 614 813 655
32.428915 2.424017 995.521129 793 533 839
90.059320 95.926928 951.056172 696 728 595
-221.791683 191.045735 1006.645288 318 887 512
-168.855036 25.544690 982.113491 244 538 862
42.070918 62.475756 905.243721 654 669 613
4.929933 86.899713 914.533912 610 614 751
-178.895542 163.948304 960.111205 366 741 727
47.084810 108.424665 989.027227 695 660 828
-214.856165 74.720874 979.720489 270 653 764
-176.634565 110.212628 891.883225 393 751 512
98.894328 173.641113 1028.316429 729 876 512
19.719189 159.208237 994.367856 642 707 837
0.990639 -58.468748 926.827321 717 571 529
108.679903 153.729194 1039.417049 746 872 512
-101.341417 -58.048429 912.916653 366 546 558
-92.816180 -24.638513 902.084784 448 536 643
88.152982 -7.583327 992.029417 803 627 653
-41.385532 136.422954 885.154455 538 717 602
-4.586376 106.141165 884.981571 585 681 625
99.839849 94.824609 1005.081719 750 703 708
-172.612453 180.717363 927.189298 399 814 547
64.938227 17.227609 924.483073 709 667 529
-159.106232 54.951628 931.554663 351 578 788
30.680675 193.617569 1034.622078 653 771 793
20.970715 12.117630 897.815959 650 611 605
-187.641264 123.923056 927.365923 363 700 689
-84.684051 -84.340267 937.212732 281 512 554
-131.656355 143.641344 885.254847 442 759 540
-77.139660 231.842724 948.358908 500 880 512
-230.241723 154.870214 984.089592 308 799 607
45.957343 225.350245 1003.757360 647 904 512
-67.621417 115.424425 902.075193 511 646 732
-174.920593 -39.804819 953.789758 243 549 675
28.435600 231.324231 994.374700 626 906 512
-215.256648 201.647028 1009.868404 326 897 512
-163.384855 140.208752 943.708031 383 691 762
-14.435494 246.701788 985.015201 577 924 512
-247.600614 67.141225 989.569353 250 699 662
19.000733 173.453456 950.987237 610 745 713
-156.741686 239.219277 995.654337 402 921 512
-95.126242 20.189914 886.909776 471 606 605
37.744023 -14.091991 974.120289 766 537 763
-87.007961 -90.289753 939.760405 309 512 535
80.973071 68.886120 1044.350599 799 657 809
-112.876387 7.415735 903.140885 405 535 719
-132.877245 14.060917 884.337793 408 593 633
72.175243 200.302310 1001.829261 681 883 512
114.328201 139.071427 1087.981476 805 888 512
92.080603 155.465991 995.032455 701 794 621
26.658759 222.169303 980.917189 621 897 512
-42.837298 112.994587 934.492989 544 614 849
-142.200282 -74.110603 948.346023 216 533 614
-214.354901 189.204656 984.933025 335 869 512
-168.739342 145.555289 950.815603 383 701 760
89.789106 189.814866 1064.390064 743 927 512
24.985959 11.634856 892.171982 653 643 529
-99.711196 167.699602 976.455756 461 705 878
-132.650687 177.139183 908.578465 439 778 590
-244.291238 172.441459 1076.107055 232 912 512
101.335913 -10.474777 1017.554475 820 675 604
-219.473956 67.878796 974.822629 269 656 740
-78.159498 198.521326 913.188587 499 817 548
-39.069120 218.175935 948.745904 542 806 673
46.028400 160.381778 991.161055 666 741 763
52.237666 186.378931 1065.039358 715 807 766
41.681873 -50.904869 978.579832 807 562 676
-84.679147 225.511811 938.076667 497 869 512
-88.697672 176.063551 949.468214 484 717 815
59.499227 72.789352 1055.158178 807 641 868
-88.859344 206.586675 917.091064 491 836 519
-220.268208 196.326835 1011.395583 315 890 512
-29.773944 -27.704416 899.758115 609 553 610
-57.893246 62.909943 879.656126 525 628 638
52.211090 88.540503 932.278568 665 663 698
-59.975787 182.120479 910.353083 518 761 627
-207.705452 48.229908 970.933596 267 621 760
106.975665 76.670955 1009.026756 761 710 676
-21.935295 -80.991026 940.138797 753 532 557
-17.004999 0.304512 894.289389 604 563 646
-185.345540 26.015411 903.263433 329 653 570
-151.231406 149.291960 946.827074 404 697 773
-123.379395 160.599865 955.781073 433 696 826
-112.540614 223.859548 949.221316 467 841 599
-82.817633 77.711671 916.293463 479 575 807
-100.859392 182.178796 984.366097 463 741 859
-199.000257 69.245252 949.387750 309 628 753
-160.056122 184.561603 937.051699 411 776 650
-262.813653 131.119973 1067.276751 212 869 512
-97.538017 56.700962 912.246395 453 555 792
-175.672189 213.021305 990.782325 376 831 658
-9.545033 -49.784354 921.800988 697 522 633
-45.652176 234.786385 958.494634 536 891 512
50.043785 211.173118 1029.108690 674 834 685
53.554224 114.864680 1019.766682 730 667 853
43.964201 229.012642 1011.596603 651 917 512
-257.180089 144.511363 1045.973492 234 868 512
-124.468774 61.100914 873.229765 430 653 590
49.918547 210.288779 988.473605 649 850 591
-252.649301 150.168909 1030.522243 261 866 512
-225.038453 169.345454 975.548960 326 833 540
-245.783725 162.727113 1025.214415 277 845 567
-14.901084 142.340704 938.998541 578 665 804
-33.540595 -44.127628 905.299495 615 563 555
30.838787 -49.348370 984.531418 816 534 722
-169.007373 -17.481885 911.006093 309 602 590
96.825069 161.865330 1011.505709 714 830 584
-40.328641 23.234989 917.877698 577 529 770
-241.302507 152.926896 1004.789329 289 811 608
83.798491 109.844175 965.595217 698 721 669
-127.965111 247.119128 987.963374 443 927 512
-25.823435 -45.562578 917.388196 643 515 648
45.671868 135.313592 911.020430 629 764 534
-217.160569 204.197462 1030.323435 310 911 512
-43.849819 160.669113 941.429858 544 688 810
-122.385851 226.475946 967.552170 448 828 667
-157.860061 2.273624 923.672233 320 553 718
86.924149 166.046696 983.008850 686 811 573
-52.150978 -4.809181 900.052903 559 542 678
-50.596630 226.339554 944.465223 528 871 512
-76.049332 240.045416 959.319318 501 895 512
-120.589868 218.286475 937.110811 453 864 512
-101.729099 251.029919 984.017666 471 930 512
-78.434014 129.942824 940.520475 495 637 865
-159.982776 34.619495 955.523543 306 544 833
-8.541070 38.058112 923.926818 627 542 797
104.083105 161.205476 1099.379216 806 912 512
-66.899554 10.986859 900.783083 508 549 688
-115.544303 6.261844 907.681671 414 521 747
-79.327025 216.081913 931.470978 501 858 512
34.769273 66.544889 938.588275 669 600 771
74.467065 -39.210522 990.179030 812 620 606
-158.107813 -30.218939 961.603081 231 515 751
2.432661 220.975915 1018.973953 610 828 753
-128.229064 37.689329 947.713984 365 514 862
-11.967951 61.522348 915.269556 596 572 782
76.878792 49.114149 991.463520 762 623 764
-42.055773 142.860846 888.164157 538 732 599
90.053240 173.572616 1007.828150 704 871 512
-95.947799 235.307769 991.481371 478 838 724
27.971983 156.948374 1030.694931 688 728 867
-59.155927 -41.678049 911.188865 527 525 615
-142.436663 50.941857 882.265456 404 624 644
0.787473 179.429616 973.532333 598 738 788
-151.955908 70.148500 959.632345 343 573 865
-11.642366 179.093557 1019.577134 614 750 879
81.298152 0.984903 972.301366 769 623 648
-12.103169 -75.596806 937.005989 752 541 568
-5.379595 146.932375 958.058183 596 672 827
-76.822321 238.462387 959.781394 500 896 512
-121.296150 240.889711 972.049231 453 907 512
3.354515 168.957247 997.849163 620 728 848
-29.966078 234.694101 992.834367 561 834 717
-122.496339 226.271441 957.020437 450 843 614
-261.173018 57.572497 997.817929 238 745 566
-28.338235 237.715044 977.546267 554 852 512
55.034760 -11.751019 931.124308 728 648 513
-202.607768 -40.764109 960.036428 227 611 581
-193.607799 202.968137 970.784310 369 875 512
-170.280064 86.260132 948.640099 349 617 806
116.356563 82.175147 993.106271 743 772 533
-69.315383 141.533938 936.389810 511 657 839
45.499149 63.759371 953.696225 693 609 778
-127.834048 18.200449 919.549570 374 526 775
84.353566 168.993869 1021.830336 716 797 677
-90.378469 49.808449 890.188755 483 610 657
45.647714 70.438510 1025.183253 770 615 884
-150.412240 207.936469 940.189945 418 857 512
-239.921509 174.919133 1068.731031 233 915 512
49.249599 5.067781 918.048553 702 665 518
48.745207 179.293721 967.909774 644 789 656
-231.719481 105.362016 979.094152 287 712 697
-84.886704 174.441497 940.657844 488 714 798
-133.321305 -10.029978 886.577157 377 606 555
-52.157425 68.123694 900.213611 530 592 736
91.525326 176.461368 1004.268208 702 861 512
61.094476 204.030287 986.713361 659 877 512
58.216621 -18.535277 971.952952 784 572 700
4.215435 221.129413 954.858518 587 875 512
-8.473270 22.359489 884.256176 608 604 625
-62.513865 52.053647 945.368670 531 518 870
88.944692 184.718507 1027.487457 711 889 512
-49.841896 155.490630 956.754507 538 684 863
-133.659145 53.422656 914.684197 396 566 782
0.361462 224.812859 999.820756 594 834 697
102.153083 68.800650 1034.112780 798 683 736
-234.925926 144.706758 1000.566700 289 778 661
-65.647108 -53.326189 913.790447 514 550 540
-120.085819 26.097298 918.919983 403 522 791
-109.495923 197.910348 976.896137 453 766 799
73.515436 185.481197 988.757759 673 850 548
-191.314437 198.026576 962.302967 369 865 512
81.829112 140.137824 1039.287470 748 743 761
-132.421831 133.198205 898.863417 442 700 669
93.201956 66.028010 958.642460 723 689 620
-101.962948 190.419195 951.822440 473 747 773
-21.211137 198.774390 1005.928574 584 779 834
24.320024 192.030644 1065.415124 688 803 818
-48.530468 75.750762 894.095725 535 606 714
-3.605856 242.625781 983.518999 584 905 512
-53.207948 43.185406 890.119891 529 588 676
123.889181 115.906075 1076.069406 803 860 512
36.368394 78.617348 958.321287 682 605 814
26.543531 223.135062 980.540345 617 854 512
-148.311118 224.735313 970.133721 419 844 626
-69.993730 187.228691 957.747654 508 737 813
-54.982250 240.587390 958.459317 527 893 512
101.872662 169.222704 1022.369158 725 867 512
72.420160 149.153509 1092.717540 786 781 775
-92.121763 124.639766 932.010876 481 637 836
122.528064 114.503461 1024.811382 759 816 521
-203.780383 74.830719 994.544340 256 637 817
-203.522352 168.421557 955.204625 353 790 620
105.839848 155.377785 1108.308335 811 918 512
-33.525747 -82.908752 940.429799 747 536 519
-231.818238 61.896704 1007.360454 224 661 756
-178.272509 195.717949 949.319474 392 827 574
76.204080 151.906665 965.466657 677 763 633
13.638263 123.455902 892.545547 597 717 589
-3.683027 242.383475 990.760640 591 930 512
-232.153286 191.360696 1064.500904 258 918 512
-32.649071 -15.211449 886.480212 587 610 518
-120.918594 -71.710040 928.373569 299 532 582
97.145877 144.421105 1042.251519 754 771 704
-183.206061 191.663752 946.573530 387 837 538
111.771988 148.653655 1104.991191 815 898 512
-79.550400 22.852350 891.658694 484 575 662
-166.131987 27.633810 969.458895 289 533 845
1.714221 13.025844 886.770439 621 619 572
-149.688776 220.576788 954.943545 425 877 512
34.637168 -65.329252 963.246683 806 590 552
-164.471787 76.410985 949.070093 345 597 823
-233.313373 177.504908 1009.863802 302 878 512
-160.987265 5.187783 922.928285 335 554 720
-138.724716 189.821169 984.629060 412 760 795
-152.955317 238.950106 993.708695 404 916 512
-78.103285 227.428888 941.632021 500 873 512
39.877084 192.224449 947.407436 625 816 576
71.595798 91.856267 996.232512 734 656 793
97.109762 171.477863 1058.719795 749 850 615
-194.315244 220.935335 1012.342558 347 914 512
36.182364 179.465341 971.159493 631 769 707
-131.114939 -56.703932 915.869089 306 556 570
-255.112224 153.507457 1049.890589 249 876 512
-137.971285 244.788652 989.077517 430 917 512
109.240200 38.369310 1026.414793 800 691 669
111.013734 159.290362 1067.599069 765 886 512
-196.930666 207.683725 986.166955 358 887 512
120.830889 85.351663 1015.444292 765 774 565
2.607433 -78.494503 950.825997 784 565 532
-214.275230 11.623870 989.179445 212 603 749
-65.422248 197.550756 915.453003 512 791 604
62.348724 26.540709 948.982309 726 607 696
93.786674 18.679221 985.606692 778 647 655
-83.641003 -20.080237 893.840559 478 597 525
-99.127939 -0.127260 893.944542 462 581 614
52.773908 189.460026 1083.982633 736 825 759
-171.695378 151.099704 902.946535 399 790 514
51.212912 55.202741 927.399278 679 637 685
-66.659536 160.814069 949.472328 511 685 846
-104.251347 227.507427 1010.300173 462 824 773
36.545836 164.243049 932.457788 619 762 625
-71.352157 165.337875 932.721907 507 699 791
-69.882585 -25.302464 906.666328 523 537 644
50.554651 -16.533439 941.433632 733 602 628
-187.016536 -41.149063 944.764792 237 605 580
-53.340905 -26.649097 894.518136 540 576 545
56.498715 127.828175 1048.448861 747 707 846
-211.120922 106.149471 1001.252286 270 685 794
-255.076684 150.817310 1060.822422 229 883 512
-152.218640 214.863963 954.890164 417 838 591
-54.765453 174.172514 989.273456 537 723 884
-127.237513 -44.057184 904.938383 367 581 533
-125.732655 171.885147 944.772103 439 721 765
-145.369163 -35.660884 925.054703 292 536 669
-254.293153 152.321240 1050.127148 244 877 512
118.479612 87.676648 1011.282388 757 761 586
-204.531749 81.322940 907.340773 349 728 527
-205.535106 140.103749 996.056359 310 723 764
45.138689 -16.073965 985.481156 801 542 766
-147.591614 224.291081 976.387397 415 838 645
-49.164629 -67.326400 923.391570 600 516 570
-163.866062 238.197683 1002.952064 392 920 512
-163.651222 27.115253 883.110608 366 652 547
-193.599309 -13.406028 923.561863 282 641 545
-33.473471 -10.666526 901.117517 601 544 672
-228.857294 80.748902 973.862414 275 686 702
92.179905 6.349240 1020.395197 818 644 701
-153.573429 219.739786 955.014508 413 879 512
20.849961 90.995738 890.092452 610 690 590
-67.527580 137.124059 906.676952 513 671 733
104.296307 24.150989 987.880596 770 691 593
-173.038700 225.819526 984.344756 387 902 512
49.904144 217.518093 994.297403 646 891 512
43.584143 1.604157 973.989739 768 543 783
-118.836013 215.224240 933.243944 454 859 512
121.588577 131.134385 1072.376267 788 847 553
-107.201627 142.484072 911.441366 465 677 752
58.957305 102.649735 916.874379 654 749 533
70.536381 148.805907 960.869574 670 749 657
-89.524757 -12.335385 895.320142 452 562 618
-177.761481 212.121723 966.661857 387 877 512
-47.875170 178.454410 914.354080 529 753 648
-82.502022 179.994106 971.456900 484 728 853
-194.374866 164.364582 944.680357 365 775 625
-32.395785 132.966124 903.061359 547 678 710
-219.150004 89.111445 929.370726 322 725 581
-17.478557 239.464389 975.215580 570 907 512
-204.401175 120.704764 963.381006 324 697 740
-29.645306 227.762373 952.983580 550 881 512
-21.054592 36.080834 907.743638 596 561 745
-8.417932 220.632216 945.234511 579 866 512
-90.280302 186.238276 975.053961 478 740 842
-30.837036 -26.866379 908.657532 609 513 677
117.728234 139.696682 1095.246891 812 883 512
-168.839815 148.987481 922.761911 395 727 672
35.201942 194.890785 958.164754 623 798 632
23.336961 60.133350 981.029800 706 556 881
63.155197 -18.890719 984.165696 799 576 706
-12.809143 119.507631 902.738456 578 678 690
105.544932 151.291688 1013.105791 730 813 586
87.035427 2.045817 1002.959061 803 619 701
-90.885316 -29.760160 897.306913 446 564 574
-1.489774 139.099879 910.954735 584 701 694
9.281936 117.191191 930.678482 609 655 769
80.150816 181.374024 1013.622538 699 812 651
-124.544748 207.944459 957.358207 446 786 713
-205.333342 76.737467 918.355315 333 679 632
-173.345907 86.860772 926.245899 358 636 747
-218.849336 25.386319 1006.326680 200 611 777
-111.604603 229.971713 951.455768 462 883 512
94.035523 163.612211 1012.705716 718 805 626
-112.975487 224.750634 942.180606 467 873 512
35.241825 109.504315 925.082810 637 664 715
59.589469 179.715125 958.089130 644 814 571
64.450483 168.107606 982.294616 669 775 676
-191.489281 188.903862 980.567266 359 798 673
-27.753107 175.412924 913.477419 558 748 661
-138.348586 197.947962 929.710729 438 805 592
-6.580789 245.007532 985.099670 586 916 512
92.575219 28.964927 1003.296781 793 637 718
-178.454550 78.525883 996.804722 272 610 880
59.691454 19.213454 945.876753 723 616 688
8.430876 240.025147 993.769504 605 927 512
28.004029 -17.815107 942.323990 732 538 713
-10.723264 -11.419446 895.740833 621 568 623
-195.122126 184.058862 966.769005 360 801 632
116.680899 63.126347 1020.863402 784 721 643
37.496363 138.227426 1101.362706 788 746 874
0.345990 41.074887 882.331453 603 628 608
74.738712 186.031386 1093.552232 764 843 706
80.134880 75.926334 933.702977 694 707 582
58.636665 133.153029 1064.443863 761 716 847
-259.371744 97.235020 1028.576528 226 762 640
-42.329577 32.730491 916.709624 560 523 786
-66.576907 148.275699 917.342895 516 687 755
70.096037 73.108300 919.182270 678 721 541
-99.201719 185.797400 970.761022 465 738 827
-259.416318 139.396492 1068.050487 211 877 512
-176.729538 -2.102304 944.350907 288 551 738
-79.468372 -51.938324 910.444640 492 566 518
-65.023304 -59.197519 920.484445 511 524 579
-7.404004 77.021046 929.744339 608 576 820
73.303413 187.490614 993.105345 677 874 512
-178.801162 -57.836440 950.227447 217 611 535
-139.357534 66.375224 870.686998 415 693 519
85.368655 91.179217 1013.964391 752 677 770
83.801026 45.666920 1010.871375 778 632 766
-85.150540 232.356835 948.934025 491 884 512
-84.810434 67.860534 920.217362 478 556 819
84.352592 181.612313 1004.417587 695 872 512
125.662222 96.438167 1032.407570 769 811 519
-143.137753 45.357625 950.072072 354 533 857
-229.084080 33.118802 978.728833 244 637 706
-201.773590 58.575663 979.350835 264 619 802
-144.154662 197.540625 1002.096709 397 775 801
-151.600007 178.996205 975.464307 397 743 773
-27.082122 50.946634 871.944657 564 647 568
27.544814 212.593709 963.532221 613 874 512
-221.176329 178.654440 983.089824 327 860 512
-116.233933 149.006956 900.908235 456 709 678
66.871645 126.684836 1019.928613 724 712 800
-34.776838 133.850838 919.244343 552 660 781
-120.762866 16.128498 922.016012 395 513 792
-40.945074 93.731500 873.170950 546 690 574
105.738514 157.576317 1106.415921 812 914 512
-167.293279 152.773327 906.816442 401 770 566
-174.882012 -32.574881 914.445689 295 610 545
-182.663246 229.585052 1011.912967 363 921 512
-144.917209 -62.795201 926.547819 268 557 577
-117.402678 -35.817736 907.460219 354 525 656
-250.653685 45.827212 993.812489 235 688 649
-103.770941 -19.852319 889.336942 421 575 579
54.482154 159.512327 931.254869 639 795 539
0.198362 106.444242 934.274810 610 623 811
-147.312404 100.018598 926.914967 390 626 786
41.854392 166.696543 1059.166600 721 768 825
111.137327 110.123537 993.774705 729 766 594
